"TimeInt";"TimeStr";"A_Tu";"B_DO";"C_Conduct";"D_ph";"E_chlorophyll";"F_TDS";"G_Sal";"H_Temp";"J_dept";"K_dosat"
1465188841;"06/06/2016 04:54:01";0;0;3728;0;0;2.165;1.72;31.25;1.334;0
1465189200;"06/06/2016 05:00:00";0;0;3736;0;0;2.17;1.73;31.25;1.334;0
1465189201;"06/06/2016 05:00:01";0;0;3736;0;0;2.17;1.73;31.22;1.364;0
1465189800;"06/06/2016 05:10:00";0;0;3731;0;0;2.168;1.73;31.21;1.372;0
1465190400;"06/06/2016 05:20:00";0;0;3737;0;0;2.172;1.73;31.19;1.398;0
1465191001;"06/06/2016 05:30:01";0;0;3730;0;0;2.168;1.73;31.19;1.415;0
1465191600;"06/06/2016 05:40:00";0;0;3767;0;0;2.19;1.75;31.19;1.448;0
1465192200;"06/06/2016 05:50:00";0;0;3782;0;0;2.199;1.75;31.19;1.486;0
1465192800;"06/06/2016 06:00:00";0;0;3790;0;0;2.203;1.76;31.19;1.508;0
1465193400;"06/06/2016 06:10:00";0;0;3791;0;0;2.204;1.76;31.18;1.523;0
1465194000;"06/06/2016 06:20:00";0;0;3785;0;0;2.201;1.76;31.17;1.523;0
1465194600;"06/06/2016 06:30:00";0;0;3791;0;0;2.205;1.76;31.17;1.513;0
1465195200;"06/06/2016 06:40:00";0;0;3797;0;0;2.208;1.76;31.17;1.515;0
1465195800;"06/06/2016 06:50:00";0;0;3800;0;0;2.21;1.76;31.15;1.493;0
1465196400;"06/06/2016 07:00:00";0;0;3857;0;0;2.243;1.79;31.17;1.471;0
1465197000;"06/06/2016 07:10:00";0;0;3834;0;0;2.231;1.78;31.13;1.459;0
1465197600;"06/06/2016 07:20:00";0;0;3874;0;0;2.253;1.8;31.15;1.442;0
1465198200;"06/06/2016 07:30:00";0;0;3918;0;0;2.279;1.82;31.16;1.426;0
1465198800;"06/06/2016 07:40:00";0;0;3945;0;0;2.294;1.83;31.16;1.41;0
1465199400;"06/06/2016 07:50:00";0;0;3978;0;0;2.313;1.85;31.17;1.386;0
1465200000;"06/06/2016 08:00:00";0;0;3987;0;0;2.319;1.86;31.16;1.365;0
1465200600;"06/06/2016 08:10:00";0;0;4001;0;0;2.327;1.86;31.16;1.333;0
1465201200;"06/06/2016 08:20:00";0;0;4016;0;0;2.336;1.87;31.16;1.307;0
1465201800;"06/06/2016 08:30:00";0;0;4046;0;0;2.352;1.88;31.18;1.272;0
1465202400;"06/06/2016 08:40:00";0;0;4014;0;0;2.333;1.87;31.21;1.221;0
1465203000;"06/06/2016 08:50:00";0;0;4004;0;0;2.328;1.86;31.19;1.162;0
1465203600;"06/06/2016 09:00:00";0;0;4012;0;0;2.332;1.87;31.19;1.106;0
1465204200;"06/06/2016 09:10:00";0;0;4034;0;0;2.345;1.88;31.18;1.05;0
1465204800;"06/06/2016 09:20:00";0;0;4025;0;0;2.34;1.87;31.19;0.993;0
1465205400;"06/06/2016 09:30:00";0;0;4019;0;0;2.336;1.87;31.19;0.941;0
1465206000;"06/06/2016 09:40:00";0;0;4016;0;0;2.333;1.87;31.22;0.888;0
1465206600;"06/06/2016 09:50:00";0;0;3995;0;0;2.32;1.86;31.25;0.837;0
1465207200;"06/06/2016 10:00:00";0;0;3980;0;0;2.31;1.85;31.28;0.786;0
1465207800;"06/06/2016 10:10:00";0;0;3971;0;0;2.305;1.84;31.27;0.74;0
1465208400;"06/06/2016 10:20:00";0;0;3948;0;0;2.29;1.83;31.31;0.699;0
1465209000;"06/06/2016 10:30:00";0;0;3926;0;0;2.276;1.82;31.34;0.661;0
1465209600;"06/06/2016 10:40:00";0;0;3884;0;0;2.25;1.8;31.38;0.623;0
1465210201;"06/06/2016 10:50:01";0;0;3853;0;0;2.23;1.78;31.43;0.584;0
1465210800;"06/06/2016 11:00:00";0;0;3821;0;0;2.21;1.76;31.47;0.542;0
1465211400;"06/06/2016 11:10:00";0;0;3777;0;0;2.184;1.74;31.48;0.504;0
1465212000;"06/06/2016 11:20:00";0;0;3781;0;0;2.187;1.74;31.48;0.47;0
1465212600;"06/06/2016 11:30:00";0;0;3766;0;0;2.178;1.74;31.48;0.437;0
1465213200;"06/06/2016 11:40:00";0;0;3749;0;0;2.168;1.73;31.5;0.404;0
1465213800;"06/06/2016 11:50:00";0;0;3711;0;0;2.146;1.71;31.49;0.366;0
1465214400;"06/06/2016 12:00:00";0;0;3704;0;0;2.141;1.7;31.52;0.321;0
1465215000;"06/06/2016 12:10:00";0;0;3662;0;0;2.116;1.68;31.55;0.287;0
1465215600;"06/06/2016 12:20:00";0;0;3636;0;0;2.1;1.67;31.58;0.249;0
1465216200;"06/06/2016 12:30:00";0;0;3619;0;0;2.089;1.66;31.6;0.22;0
1465216800;"06/06/2016 12:40:00";0;0;3615;0;0;2.086;1.66;31.62;0.187;0
1465217400;"06/06/2016 12:50:00";0;0;3618;0;0;2.087;1.66;31.63;0.149;0
1465218000;"06/06/2016 13:00:00";0;0;3617;0;0;2.087;1.66;31.63;0.113;0
1465218600;"06/06/2016 13:10:00";0;0;3607;0;0;2.081;1.65;31.64;0.077;0
1465219200;"06/06/2016 13:20:00";0;0;3587;0;0;2.069;1.64;31.63;0.045;0
1465219800;"06/06/2016 13:30:00";0;0;3574;0;0;2.062;1.64;31.62;0.013;0
1465220400;"06/06/2016 13:40:00";0;0;3566;0;0;2.058;1.63;31.62;0.00199997;0
1465221000;"06/06/2016 13:50:00";0;0;3559;0;0;2.054;1.63;31.62;-0.00399995;0
1465221600;"06/06/2016 14:00:00";0;0;3550;0;0;2.048;1.63;31.62;-0.00599998;0
1465222200;"06/06/2016 14:10:00";0;0;3514;0;0;2.028;1.61;31.6;-0.00699997;0
1465222800;"06/06/2016 14:20:00";0;0;62;0;0;0.036;0.02;31.62;0.026;0
1465223400;"06/06/2016 14:30:00";0;0;29;0;0;0.017;0.00999999;30.24;-0.0179999;0
1465224001;"06/06/2016 14:40:01";0;0;23;0;0;0.014;0.00999999;28.59;-0.021;0
1465224600;"06/06/2016 14:50:00";0;0;20;0;0;0.012;0.00999999;28.03;-0.022;0
1465225200;"06/06/2016 15:00:00";0;0;19;0;0;0.011;0.00999999;29.13;-0.024;0
1465225800;"06/06/2016 15:10:00";0;0;18;0;0;0.011;0.00999999;28.11;-0.025;0
1465226400;"06/06/2016 15:20:00";0;0;17;0;0;0.011;0.00999999;28.14;-0.026;0
1465227001;"06/06/2016 15:30:01";0;0;16;0;0;0.00999999;0.00999999;27.5;-0.029;0
1465227601;"06/06/2016 15:40:01";0;0;16;0;0;0.00999999;0.00999999;28;-0.031;0
1465228200;"06/06/2016 15:50:00";0;0;15;0;0;0.00899994;0.00999999;27.71;-0.0319999;0
1465228800;"06/06/2016 16:00:00";0;0;15;0;0;0.00899994;0;28.14;-0.034;0
1465229400;"06/06/2016 16:10:00";0;0;13;0;0;0.00799996;0;28.16;-0.034;0
1465230000;"06/06/2016 16:20:00";0;0;12;0;0;0.00699997;0;28.08;-0.036;0
1465230600;"06/06/2016 16:30:00";0;0;12;0;0;0.00699997;0;28.99;-0.0369999;0
1465231200;"06/06/2016 16:40:00";0;0;11;0;0;0.00699997;0;28.92;-0.036;0
1465231800;"06/06/2016 16:50:00";0;0;3177;0;0;1.832;1.44;31.67;-0.036;0
1465232400;"06/06/2016 17:00:00";0;0;3173;0;0;1.829;1.44;31.7;0.103;0
1465233000;"06/06/2016 17:10:00";0;0;3152;0;0;1.817;1.43;31.69;0.25;0
1465233600;"06/06/2016 17:20:00";0;0;3149;0;0;1.816;1.43;31.64;0.389;0
1465234200;"06/06/2016 17:30:00";0;0;3152;0;0;1.818;1.43;31.65;0.518;0
1465234800;"06/06/2016 17:40:00";0;0;3159;0;0;1.822;1.44;31.64;0.633;0
1465235400;"06/06/2016 17:50:00";0;0;3166;0;0;1.827;1.44;31.63;0.754;0
1465236000;"06/06/2016 18:00:00";0;0;3181;0;0;1.836;1.45;31.62;0.844;0
1465236600;"06/06/2016 18:10:00";0;0;3198;0;0;1.845;1.46;31.62;0.934;0
1465237200;"06/06/2016 18:20:00";0;0;3212;0;0;1.853;1.46;31.63;1.009;0
1465237800;"06/06/2016 18:30:00";0;0;3220;0;0;1.857;1.47;31.63;1.069;0
1465238401;"06/06/2016 18:40:01";0;0;3224;0;0;1.86;1.47;31.62;1.115;0
1465239000;"06/06/2016 18:50:00";0;0;3214;0;0;1.854;1.46;31.62;1.16;0
1465239600;"06/06/2016 19:00:00";0;0;3229;0;0;1.864;1.47;31.61;1.193;0
1465240200;"06/06/2016 19:10:00";0;0;3263;0;0;1.883;1.49;31.61;1.239;0
1465240800;"06/06/2016 19:20:00";0;0;3275;0;0;1.89;1.49;31.61;1.274;0
1465241400;"06/06/2016 19:30:00";0;0;3297;0;0;1.903;1.5;31.61;1.308;0
1465242000;"06/06/2016 19:40:00";0;0;3307;0;0;1.909;1.51;31.61;1.347;0
1465242600;"06/06/2016 19:50:00";0;0;3356;0;0;1.937;1.53;31.61;1.382;0
1465243200;"06/06/2016 20:00:00";0;0;3365;0;0;1.942;1.54;31.6;1.427;0
1465243800;"06/06/2016 20:10:00";0;0;3396;0;0;1.96;1.55;31.6;1.474;0
1465244400;"06/06/2016 20:20:00";0;0;3423;0;0;1.976;1.56;31.59;1.52;0
1465245000;"06/06/2016 20:30:00";0;0;3438;0;0;1.985;1.57;31.59;1.565;0
1465245600;"06/06/2016 20:40:00";0;0;3444;0;0;1.989;1.58;31.58;1.603;0
1465246200;"06/06/2016 20:50:00";0;0;3407;0;0;1.968;1.56;31.57;1.637;0
1465246800;"06/06/2016 21:00:00";0;0;3453;0;0;1.994;1.58;31.57;1.672;0
1465247400;"06/06/2016 21:10:00";0;0;3476;0;0;2.008;1.59;31.56;1.705;0
1465248000;"06/06/2016 21:20:00";0;0;3463;0;0;2.001;1.59;31.55;1.735;0
1465248600;"06/06/2016 21:30:00";0;0;3503;0;0;2.024;1.61;31.54;1.761;0
1465249200;"06/06/2016 21:40:00";0;0;3517;0;0;2.032;1.61;31.53;1.785;0
1465249800;"06/06/2016 21:50:00";0;0;3522;0;0;2.036;1.62;31.52;1.801;0
1465250400;"06/06/2016 22:00:00";0;0;3572;0;0;2.065;1.64;31.5;1.819;0
1465251000;"06/06/2016 22:10:00";0;0;3608;0;0;2.087;1.66;31.49;1.831;0
1465251600;"06/06/2016 22:20:00";0;0;3648;0;0;2.11;1.68;31.47;1.831;0
1465252200;"06/06/2016 22:30:00";0;0;3719;0;0;2.152;1.71;31.46;1.831;0
1465252800;"06/06/2016 22:40:00";0;0;3765;0;0;2.179;1.74;31.44;1.829;0
1465253400;"06/06/2016 22:50:00";0;0;3764;0;0;2.179;1.74;31.44;1.814;0
1465254000;"06/06/2016 23:00:00";0;0;3799;0;0;2.199;1.75;31.42;1.807;0
1465254001;"06/06/2016 23:00:01";0;0;3799;0;0;2.199;1.75;31.42;1.807;0
1465254600;"06/06/2016 23:10:00";0;0;3831;0;0;2.219;1.77;31.41;1.792;0
1465255200;"06/06/2016 23:20:00";0;0;3861;0;0;2.236;1.78;31.39;1.764;0
1465255801;"06/06/2016 23:30:01";0;0;3898;0;0;2.258;1.8;31.38;1.738;0
1465256401;"06/06/2016 23:40:01";0;0;3923;0;0;2.274;1.82;31.37;1.712;0
1465257000;"06/06/2016 23:50:00";0;0;3943;0;0;2.285;1.83;31.36;1.686;0
1465257600;"07/06/2016 00:00:00";0;0;3955;0;0;2.293;1.83;31.35;1.657;0
1465258200;"07/06/2016 00:10:00";0;0;3975;0;0;2.305;1.84;31.34;1.621;0
1465258800;"07/06/2016 00:20:00";0;0;3986;0;0;2.311;1.85;31.34;1.589;0
1465259400;"07/06/2016 00:30:00";0;0;4002;0;0;2.321;1.86;31.33;1.53;0
1465260000;"07/06/2016 00:40:00";0;0;4012;0;0;2.327;1.86;31.32;1.495;0
1465260600;"07/06/2016 00:50:00";0;0;4000;0;0;2.321;1.86;31.31;1.454;0
1465261200;"07/06/2016 01:00:00";0;0;4014;0;0;2.328;1.86;31.31;1.415;0
1465261800;"07/06/2016 01:10:00";0;0;4011;0;0;2.327;1.86;31.31;1.373;0
1465262400;"07/06/2016 01:20:00";0;0;4008;0;0;2.325;1.86;31.3;1.343;0
1465263000;"07/06/2016 01:30:00";0;0;4001;0;0;2.322;1.86;31.29;1.329;0
1465263600;"07/06/2016 01:40:00";0;0;4011;0;0;2.327;1.86;31.3;1.276;0
1465264200;"07/06/2016 01:50:00";0;0;4020;0;0;2.333;1.87;31.3;1.255;0
1465264800;"07/06/2016 02:00:00";0;0;4014;0;0;2.329;1.86;31.28;1.231;0
1465265400;"07/06/2016 02:10:00";0;0;4007;0;0;2.326;1.86;31.28;1.203;0
1465266000;"07/06/2016 02:20:00";0;0;4007;0;0;2.326;1.86;31.28;1.184;0
1465266600;"07/06/2016 02:30:00";0;0;4010;0;0;2.328;1.86;31.28;1.163;0
1465267200;"07/06/2016 02:40:00";0;0;4014;0;0;2.33;1.86;31.28;1.162;0
1465267800;"07/06/2016 02:50:00";0;0;3985;0;0;2.313;1.85;31.28;1.159;0
1465268401;"07/06/2016 03:00:01";0;0;3971;0;0;2.305;1.84;31.27;1.156;0
1465269000;"07/06/2016 03:10:00";0;0;3971;0;0;2.306;1.84;31.26;1.157;0
1465269600;"07/06/2016 03:20:00";0;0;3978;0;0;2.309;1.85;31.27;1.151;0
1465270200;"07/06/2016 03:30:00";0;0;3971;0;0;2.305;1.84;31.27;1.158;0
1465270800;"07/06/2016 03:40:00";0;0;3967;0;0;2.303;1.84;31.26;1.148;0
1465271400;"07/06/2016 03:50:00";0;0;3961;0;0;2.299;1.84;31.26;1.148;0
1465271401;"07/06/2016 03:50:01";0;0;3961;0;0;2.299;1.84;31.26;1.137;0
1465272001;"07/06/2016 04:00:01";0;0;3951;0;0;2.294;1.83;31.26;1.152;0
1465272600;"07/06/2016 04:10:00";0;0;3937;0;0;2.286;1.83;31.25;1.169;0
1465273200;"07/06/2016 04:20:00";0;0;3918;0;0;2.275;1.82;31.26;1.165;0
1465273800;"07/06/2016 04:30:00";0;0;3915;0;0;2.273;1.82;31.25;1.176;0
1465274400;"07/06/2016 04:40:00";0;0;3904;0;0;2.267;1.81;31.26;1.199;0
1465275000;"07/06/2016 04:50:00";0;0;3896;0;0;2.262;1.81;31.25;1.244;0
1465275600;"07/06/2016 05:00:00";0;0;3890;0;0;2.259;1.8;31.25;1.268;0
1465276200;"07/06/2016 05:10:00";0;0;3885;0;0;2.256;1.8;31.25;1.299;0
1465276800;"07/06/2016 05:20:00";0;0;3896;0;0;2.262;1.81;31.26;1.334;0
1465277400;"07/06/2016 05:30:00";0;0;3894;0;0;2.261;1.81;31.26;1.369;0
1465278001;"07/06/2016 05:40:01";0;0;3879;0;0;2.253;1.8;31.24;1.405;0
1465278600;"07/06/2016 05:50:00";0;0;3882;0;0;2.255;1.8;31.23;1.442;0
1465279200;"07/06/2016 06:00:00";0;0;3890;0;0;2.26;1.8;31.22;1.474;0
1465279800;"07/06/2016 06:10:00";0;0;3886;0;0;2.258;1.8;31.21;1.517;0
1465280400;"07/06/2016 06:20:00";0;0;3884;0;0;2.257;1.8;31.21;1.569;0
1465281000;"07/06/2016 06:30:00";0;0;3895;0;0;2.263;1.81;31.21;1.609;0
1465281600;"07/06/2016 06:40:00";0;0;3898;0;0;2.265;1.81;31.2;1.626;0
1465282200;"07/06/2016 06:50:00";0;0;3896;0;0;2.265;1.81;31.19;1.632;0
1465282800;"07/06/2016 07:00:00";0;0;3894;0;0;2.264;1.81;31.17;1.636;0
1465283400;"07/06/2016 07:10:00";0;0;3897;0;0;2.267;1.81;31.15;1.618;0
1465284000;"07/06/2016 07:20:00";0;0;3908;0;0;2.272;1.82;31.17;1.602;0
1465284600;"07/06/2016 07:30:00";0;0;3915;0;0;2.276;1.82;31.17;1.571;0
1465285200;"07/06/2016 07:40:00";0;0;3925;0;0;2.282;1.82;31.19;1.552;0
1465285800;"07/06/2016 07:50:00";0;0;3916;0;0;2.277;1.82;31.18;1.544;0
1465286400;"07/06/2016 08:00:00";0;0;3920;0;0;2.279;1.82;31.19;1.524;0
1465287000;"07/06/2016 08:10:00";0;0;3925;0;0;2.282;1.82;31.19;1.494;0
1465287600;"07/06/2016 08:20:00";0;0;3943;0;0;2.29;1.83;31.23;1.466;0
1465288200;"07/06/2016 08:30:00";0;0;3969;0;0;2.304;1.84;31.26;1.43;0
1465288800;"07/06/2016 08:40:00";0;0;3992;0;0;2.317;1.85;31.27;1.406;0
1465289400;"07/06/2016 08:50:00";0;0;4007;0;0;2.325;1.86;31.31;1.351;0
1465290000;"07/06/2016 09:00:00";0;0;4002;0;0;2.321;1.86;31.32;1.301;0
1465290601;"07/06/2016 09:10:01";0;0;3997;0;0;2.318;1.85;31.32;1.265;0
1465291200;"07/06/2016 09:20:00";0;0;3999;0;0;2.318;1.85;31.34;1.2;0
1465291800;"07/06/2016 09:30:00";0;0;4010;0;0;2.326;1.86;31.32;1.142;0
1465292400;"07/06/2016 09:40:00";0;0;4007;0;0;2.323;1.86;31.35;1.1;0
1465293000;"07/06/2016 09:50:00";0;0;3988;0;0;2.311;1.85;31.38;1.05;0
1465293600;"07/06/2016 10:00:00";0;0;3984;0;0;2.309;1.85;31.36;1.014;0
1465294200;"07/06/2016 10:10:00";0;0;3983;0;0;2.309;1.85;31.36;0.973;0
1465294800;"07/06/2016 10:20:00";0;0;3957;0;0;2.293;1.83;31.37;0.93;0
1465295400;"07/06/2016 10:30:00";0;0;3948;0;0;2.287;1.83;31.39;0.888;0
1465296000;"07/06/2016 10:40:00";0;0;3934;0;0;2.28;1.82;31.38;0.854;0
1465296600;"07/06/2016 10:50:00";0;0;3932;0;0;2.278;1.82;31.39;0.812;0
1465297200;"07/06/2016 11:00:00";0;0;3932;0;0;2.277;1.82;31.4;0.77;0
1465297800;"07/06/2016 11:10:00";0;0;3906;0;0;2.262;1.81;31.41;0.732;0
1465298400;"07/06/2016 11:20:00";0;0;3883;0;0;2.248;1.79;31.41;0.687;0
1465299000;"07/06/2016 11:30:00";0;0;3883;0;0;2.248;1.79;31.41;0.687;0
1465299004;"07/06/2016 11:30:04";0;0;3868;0;0;2.239;1.79;31.44;0.645;0
1465299600;"07/06/2016 11:40:00";0;0;3847;0;0;2.227;1.78;31.45;0.604;0
1465300200;"07/06/2016 11:50:00";0;0;3819;0;0;2.21;1.76;31.46;0.562;0
1465300800;"07/06/2016 12:00:00";0;0;3796;0;0;2.195;1.75;31.51;0.52;0
1465301400;"07/06/2016 12:10:00";0;0;3767;0;0;2.177;1.73;31.52;0.483;0
1465302000;"07/06/2016 12:20:00";0;0;3736;0;0;2.159;1.72;31.55;0.446;0
1465302601;"07/06/2016 12:30:01";0;0;3697;0;0;2.134;1.7;31.59;0.408;0
1465303200;"07/06/2016 12:40:00";0;0;3679;0;0;2.123;1.69;31.61;0.37;0
1465303800;"07/06/2016 12:50:00";0;0;3627;0;0;2.092;1.66;31.65;0.333;0
1465304400;"07/06/2016 13:00:00";0;0;3630;0;0;2.093;1.66;31.67;0.29;0
1465305000;"07/06/2016 13:10:00";0;0;3617;0;0;2.084;1.66;31.7;0.251;0
1465305600;"07/06/2016 13:20:00";0;0;3594;0;0;2.084;1.66;31.7;0.251;0
1465305601;"07/06/2016 13:20:01";0;0;3594;0;0;2.072;1.64;31.69;0.215;0
1465306200;"07/06/2016 13:30:00";0;0;3583;0;0;2.064;1.64;31.71;0.177;0
1465306800;"07/06/2016 13:40:00";0;0;3581;0;0;2.063;1.64;31.71;0.143;0
1465307400;"07/06/2016 13:50:00";0;0;3577;0;0;2.061;1.64;31.73;0.106;0
1465308000;"07/06/2016 14:00:00";0;0;3558;0;0;2.048;1.62;31.77;0.066;0
1465308600;"07/06/2016 14:10:00";0;0;3532;0;0;2.032;1.61;31.79;0.033;0
1465309200;"07/06/2016 14:20:00";0;0;3516;0;0;2.023;1.6;31.8;-0.005;0
1465309800;"07/06/2016 14:30:00";0;0;3502;0;0;2.014;1.6;31.82;-0.022;0
1465310400;"07/06/2016 14:40:00";0;0;3493;0;0;2.009;1.59;31.81;-0.025;0
1465311000;"07/06/2016 14:50:00";0;0;3459;0;0;1.99;1.58;31.8;-0.026;0
1465311600;"07/06/2016 15:00:00";0;0;3351;0;0;1.927;1.52;31.82;-0.027;0
1465312200;"07/06/2016 15:10:00";0;0;1807;0;0;1.04;0.8;31.8;-0.025;0
1465312800;"07/06/2016 15:20:00";0;0;27;0;0;0.016;0.00999999;30.11;-0.027;0
1465313400;"07/06/2016 15:30:00";0;0;25;0;0;0.015;0.00999999;29.72;-0.031;0
1465314000;"07/06/2016 15:40:00";0;0;23;0;0;0.014;0.00999999;28.56;-0.033;0
1465314600;"07/06/2016 15:50:00";0;0;22;0;0;0.013;0.00999999;28.41;-0.034;0
1465315200;"07/06/2016 16:00:00";0;0;21;0;0;0.013;0.00999999;28.63;-0.035;0
1465315800;"07/06/2016 16:10:00";0;0;20;0;0;0.012;0.00999999;28.57;-0.036;0
1465316400;"07/06/2016 16:20:00";0;0;19;0;0;0.012;0.00999999;28.26;-0.036;0
1465317000;"07/06/2016 16:30:00";0;0;18;0;0;0.011;0.00999999;28.27;-0.038;0
1465317600;"07/06/2016 16:40:00";0;0;17;0;0;0.011;0.00999999;28.12;-0.038;0
1465318200;"07/06/2016 16:50:00";0;0;17;0;0;0.00999999;0.00999999;27.98;-0.039;0
1465318800;"07/06/2016 17:00:00";0;0;16;0;0;0.00999999;0.00999999;27.93;-0.039;0
1465319400;"07/06/2016 17:10:00";0;0;15;0;0;0.00899994;0.00999999;28.15;-0.0369999;0
1465320000;"07/06/2016 17:20:00";0;0;15;0;0;0.00899994;0;28.4;-0.036;0
1465320600;"07/06/2016 17:30:00";0;0;3082;0;0;1.776;1.4;31.68;-0.034;0
1465321200;"07/06/2016 17:40:00";0;0;3048;0;0;1.756;1.38;31.72;-0.00399995;0
1465321800;"07/06/2016 17:50:00";0;0;3042;0;0;1.753;1.38;31.72;0.127;0
1465322400;"07/06/2016 18:00:00";0;0;3032;0;0;1.747;1.37;31.72;0.239;0
1465323000;"07/06/2016 18:10:00";0;0;3041;0;0;1.752;1.38;31.72;0.349;0
1465323600;"07/06/2016 18:20:00";0;0;3062;0;0;1.765;1.39;31.69;0.459;0
1465324200;"07/06/2016 18:30:00";0;0;3079;0;0;1.775;1.4;31.68;0.587;0
1465324800;"07/06/2016 18:40:00";0;0;3088;0;0;1.781;1.4;31.67;0.711;0
1465325401;"07/06/2016 18:50:01";0;0;3104;0;0;1.79;1.41;31.67;0.832;0
1465326000;"07/06/2016 19:00:00";0;0;3113;0;0;1.795;1.41;31.66;0.927;0
1465326600;"07/06/2016 19:10:00";0;0;3135;0;0;1.808;1.42;31.66;1.022;0
1465327200;"07/06/2016 19:20:00";0;0;3156;0;0;1.819;1.43;31.67;1.089;0
1465327800;"07/06/2016 19:30:00";0;0;3175;0;0;1.819;1.43;31.67;1.089;0
1465327801;"07/06/2016 19:30:01";0;0;3175;0;0;1.831;1.44;31.68;1.145;0
1465328400;"07/06/2016 19:40:00";0;0;3168;0;0;1.826;1.44;31.68;1.198;0
1465329000;"07/06/2016 19:50:00";0;0;3195;0;0;1.842;1.45;31.66;1.245;0
1465329600;"07/06/2016 20:00:00";0;0;3199;0;0;1.845;1.46;31.65;1.287;0
1465330200;"07/06/2016 20:10:00";0;0;3235;0;0;1.865;1.47;31.66;1.325;0
1465330800;"07/06/2016 20:20:00";0;0;3226;0;0;1.861;1.47;31.63;1.353;0
1465331400;"07/06/2016 20:30:00";0;0;3248;0;0;1.874;1.48;31.63;1.402;0
1465332000;"07/06/2016 20:40:00";0;0;3311;0;0;1.909;1.51;31.65;1.444;0
1465332600;"07/06/2016 20:50:00";0;0;3355;0;0;1.934;1.53;31.67;1.498;0
1465333200;"07/06/2016 21:00:00";0;0;3372;0;0;1.944;1.54;31.66;1.553;0
1465333800;"07/06/2016 21:10:00";0;0;3414;0;0;1.969;1.56;31.66;1.585;0
1465334400;"07/06/2016 21:20:00";0;0;3334;0;0;1.924;1.52;31.63;1.623;0
1465335000;"07/06/2016 21:30:00";0;0;3365;0;0;1.942;1.54;31.61;1.674;0
1465335600;"07/06/2016 21:40:00";0;0;3384;0;0;1.953;1.55;31.6;1.719;0
1465336200;"07/06/2016 21:50:00";0;0;3435;0;0;1.983;1.57;31.59;1.751;0
1465336800;"07/06/2016 22:00:00";0;0;3440;0;0;1.986;1.57;31.58;1.783;0
1465337400;"07/06/2016 22:10:00";0;0;3469;0;0;2.003;1.59;31.59;1.822;0
1465338000;"07/06/2016 22:20:00";0;0;3498;0;0;2.019;1.6;31.59;1.851;0
1465338600;"07/06/2016 22:30:00";0;0;3565;0;0;2.058;1.63;31.58;1.886;0
1465339200;"07/06/2016 22:40:00";0;0;3599;0;0;2.079;1.65;31.56;1.915;0
1465339800;"07/06/2016 22:50:00";0;0;3588;0;0;2.073;1.65;31.56;1.946;0
1465340400;"07/06/2016 23:00:00";0;0;3623;0;0;2.093;1.66;31.54;1.963;0
1465341000;"07/06/2016 23:10:00";0;0;3697;0;0;2.136;1.7;31.53;1.966;0
1465341600;"07/06/2016 23:20:00";0;0;3709;0;0;2.144;1.71;31.52;1.937;0
1465342200;"07/06/2016 23:30:00";0;0;3722;0;0;2.152;1.71;31.51;1.896;0
1465342800;"07/06/2016 23:40:00";0;0;3754;0;0;2.171;1.73;31.5;1.896;0
1465343401;"07/06/2016 23:50:01";0;0;3743;0;0;2.165;1.72;31.49;1.906;0
1465344000;"08/06/2016 00:00:00";0;0;3767;0;0;2.179;1.74;31.47;1.903;0
1465344600;"08/06/2016 00:10:00";0;0;3799;0;0;2.198;1.75;31.46;1.878;0
1465345201;"08/06/2016 00:20:01";0;0;3885;0;0;2.248;1.79;31.46;1.87;0
1465345800;"08/06/2016 00:30:00";0;0;3924;0;0;2.271;1.81;31.46;1.823;0
1465346400;"08/06/2016 00:40:00";0;0;3946;0;0;2.284;1.82;31.45;1.783;0
1465347000;"08/06/2016 00:50:00";0;0;3963;0;0;2.294;1.83;31.45;1.746;0
1465347600;"08/06/2016 01:00:00";0;0;3989;0;0;2.309;1.85;31.44;1.687;0
1465348200;"08/06/2016 01:10:00";0;0;4013;0;0;2.323;1.86;31.43;1.635;0
1465348800;"08/06/2016 01:20:00";0;0;4023;0;0;2.329;1.86;31.42;1.614;0
1465349400;"08/06/2016 01:30:00";0;0;4032;0;0;2.334;1.87;31.42;1.528;0
1465350000;"08/06/2016 01:40:00";0;0;4004;0;0;2.319;1.85;31.4;1.463;0
1465350600;"08/06/2016 01:50:00";0;0;4009;0;0;2.322;1.86;31.4;1.405;0
1465351200;"08/06/2016 02:00:00";0;0;3990;0;0;2.312;1.85;31.37;1.354;0
1465351800;"08/06/2016 02:10:00";0;0;3990;0;0;2.313;1.85;31.35;1.311;0
1465352400;"08/06/2016 02:20:00";0;0;3999;0;0;2.317;1.85;31.38;1.292;0
1465353000;"08/06/2016 02:30:00";0;0;4000;0;0;2.318;1.85;31.37;1.278;0
1465353600;"08/06/2016 02:40:00";0;0;4003;0;0;2.319;1.86;31.38;1.258;0
1465354200;"08/06/2016 02:50:00";0;0;4008;0;0;2.322;1.86;31.38;1.229;0
1465354800;"08/06/2016 03:00:00";0;0;4009;0;0;2.324;1.86;31.36;1.223;0
1465355400;"08/06/2016 03:10:00";0;0;4017;0;0;2.328;1.86;31.36;1.191;0
1465356000;"08/06/2016 03:20:00";0;0;4008;0;0;2.323;1.86;31.35;1.163;0
1465356600;"08/06/2016 03:30:00";0;0;3986;0;0;2.31;1.85;31.36;1.142;0
1465357200;"08/06/2016 03:40:00";0;0;3978;0;0;2.306;1.84;31.36;1.12;0
1465357800;"08/06/2016 03:50:00";0;0;3973;0;0;2.303;1.84;31.36;1.088;0
1465358400;"08/06/2016 04:00:00";0;0;3966;0;0;2.299;1.84;31.36;1.075;0
1465359000;"08/06/2016 04:10:00";0;0;3964;0;0;2.298;1.84;31.36;1.079;0
1465359600;"08/06/2016 04:20:00";0;0;3961;0;0;2.296;1.84;31.35;1.077;0
1465360200;"08/06/2016 04:30:00";0;0;3951;0;0;2.291;1.83;31.34;1.07;0
1465360800;"08/06/2016 04:40:00";0;0;3932;0;0;2.279;1.82;31.35;1.074;0
1465361400;"08/06/2016 04:50:00";0;0;3917;0;0;2.271;1.81;31.34;1.102;0
1465362000;"08/06/2016 05:00:00";0;0;3900;0;0;2.261;1.81;31.34;1.127;0
1465362600;"08/06/2016 05:10:00";0;0;3888;0;0;2.254;1.8;31.34;1.159;0
1465363200;"08/06/2016 05:20:00";0;0;3873;0;0;2.245;1.79;31.35;1.176;0
1465363800;"08/06/2016 05:30:00";0;0;3869;0;0;2.243;1.79;31.34;1.218;0
1465364400;"08/06/2016 05:40:00";0;0;3858;0;0;2.237;1.79;31.35;1.259;0
1465365000;"08/06/2016 05:50:00";0;0;3851;0;0;2.233;1.78;31.34;1.286;0
1465365600;"08/06/2016 06:00:00";0;0;3850;0;0;2.233;1.78;31.34;1.308;0
1465366200;"08/06/2016 06:10:00";0;0;3835;0;0;2.223;1.77;31.35;1.333;0
1465366800;"08/06/2016 06:20:00";0;0;3828;0;0;2.219;1.77;31.35;1.325;0
1465367400;"08/06/2016 06:30:00";0;0;3826;0;0;2.218;1.77;31.35;1.334;0
1465368000;"08/06/2016 06:40:00";0;0;3819;0;0;2.213;1.77;31.36;1.347;0
1465368600;"08/06/2016 06:50:00";0;0;3824;0;0;2.216;1.77;31.36;1.337;0
1465369200;"08/06/2016 07:00:00";0;0;3821;0;0;2.214;1.77;31.37;1.36;0
1465369800;"08/06/2016 07:10:00";0;0;3825;0;0;2.217;1.77;31.36;1.407;0
1465370400;"08/06/2016 07:20:00";0;0;3828;0;0;2.22;1.77;31.33;1.426;0
1465371000;"08/06/2016 07:30:00";0;0;3824;0;0;2.218;1.77;31.32;1.451;0
1465371600;"08/06/2016 07:40:00";0;0;3822;0;0;2.217;1.77;31.31;1.465;0
1465372201;"08/06/2016 07:50:01";0;0;3824;0;0;2.218;1.77;31.31;1.435;0
1465372800;"08/06/2016 08:00:00";0;0;3826;0;0;2.22;1.77;31.3;1.437;0
1465373400;"08/06/2016 08:10:00";0;0;3831;0;0;2.222;1.77;31.3;1.449;0
1465374000;"08/06/2016 08:20:00";0;0;3829;0;0;2.221;1.77;31.3;1.445;0
1465374600;"08/06/2016 08:30:00";0;0;3835;0;0;2.224;1.77;31.32;1.447;0
1465375200;"08/06/2016 08:40:00";0;0;3843;0;0;2.227;1.78;31.36;1.429;0
1465375800;"08/06/2016 08:50:00";0;0;3855;0;0;2.234;1.78;31.37;1.406;0
1465376400;"08/06/2016 09:00:00";0;0;3859;0;0;2.236;1.78;31.37;1.388;0
1465377000;"08/06/2016 09:10:00";0;0;3868;0;0;2.24;1.79;31.4;1.359;0
1465377600;"08/06/2016 09:20:00";0;0;3880;0;0;2.245;1.79;31.46;1.32;0
1465378200;"08/06/2016 09:30:00";0;0;3883;0;0;2.246;1.79;31.48;1.275;0
1465378800;"08/06/2016 09:40:00";0;0;3882;0;0;2.246;1.79;31.45;1.242;0
1465379400;"08/06/2016 09:50:00";0;0;3877;0;0;2.243;1.79;31.46;1.183;0
1465380000;"08/06/2016 10:00:00";0;0;3878;0;0;2.244;1.79;31.45;1.128;0
1465380600;"08/06/2016 10:10:00";0;0;3876;0;0;2.242;1.79;31.48;1.096;0
1465381200;"08/06/2016 10:20:00";0;0;3881;0;0;2.247;1.79;31.43;1.054;0
1465381800;"08/06/2016 10:30:00";0;0;3876;0;0;2.243;1.79;31.43;1.01;0
1465382400;"08/06/2016 10:40:00";0;0;3869;0;0;2.24;1.79;31.43;0.951;0
1465383000;"08/06/2016 10:50:00";0;0;3859;0;0;2.234;1.78;31.43;0.902;0
1465383600;"08/06/2016 11:00:00";0;0;3857;0;0;2.232;1.78;31.45;0.853;0
1465384200;"08/06/2016 11:10:00";0;0;3843;0;0;2.223;1.77;31.48;0.808;0
1465384801;"08/06/2016 11:20:01";0;0;3821;0;0;2.21;1.76;31.47;0.774;0
1465385400;"08/06/2016 11:30:00";0;0;3823;0;0;2.211;1.76;31.5;0.733;0
1465386000;"08/06/2016 11:40:00";0;0;3797;0;0;2.194;1.75;31.53;0.698;0
1465386600;"08/06/2016 11:50:00";0;0;3788;0;0;2.189;1.74;31.55;0.66;0
1465387200;"08/06/2016 12:00:00";0;0;3753;0;0;2.168;1.73;31.58;0.618;0
1465387800;"08/06/2016 12:10:00";0;0;3722;0;0;2.149;1.71;31.59;0.58;0
1465388400;"08/06/2016 12:20:00";0;0;3686;0;0;2.127;1.69;31.62;0.534;0
1465389001;"08/06/2016 12:30:01";0;0;3663;0;0;2.113;1.68;31.63;0.495;0
1465389600;"08/06/2016 12:40:00";0;0;3651;0;0;2.106;1.67;31.64;0.45;0
1465390200;"08/06/2016 12:50:00";0;0;3634;0;0;2.097;1.67;31.63;0.411;0
1465390800;"08/06/2016 13:00:00";0;0;3625;0;0;2.091;1.66;31.65;0.371;0
1465391400;"08/06/2016 13:10:00";0;0;3614;0;0;2.084;1.66;31.66;0.337;0
1465392000;"08/06/2016 13:20:00";0;0;3602;0;0;2.077;1.65;31.65;0.295;0
1465392600;"08/06/2016 13:30:00";0;0;3588;0;0;2.069;1.64;31.65;0.257;0
1465393200;"08/06/2016 13:40:00";0;0;3563;0;0;2.055;1.63;31.66;0.217;0
1465393800;"08/06/2016 13:50:00";0;0;3549;0;0;2.046;1.62;31.66;0.18;0
1465394400;"08/06/2016 14:00:00";0;0;3535;0;0;2.038;1.62;31.67;0.153;0
1465395000;"08/06/2016 14:10:00";0;0;3530;0;0;2.035;1.61;31.68;0.116;0
1465395600;"08/06/2016 14:20:00";0;0;3508;0;0;2.022;1.6;31.69;0.08;0
1465396200;"08/06/2016 14:30:00";0;0;3498;0;0;2.016;1.6;31.69;0.0459999;0
1465396800;"08/06/2016 14:40:00";0;0;3471;0;0;2;1.59;31.7;0.00799996;0
1465397400;"08/06/2016 14:50:00";0;0;3448;0;0;1.987;1.57;31.71;-0.00999999;0
1465398000;"08/06/2016 15:00:00";0;0;3422;0;0;1.972;1.56;31.71;-0.014;0
1465398600;"08/06/2016 15:10:00";0;0;3415;0;0;1.968;1.56;31.7;-0.019;0
1465399200;"08/06/2016 15:20:00";0;0;3400;0;0;1.96;1.55;31.68;-0.024;0
1465399800;"08/06/2016 15:30:00";0;0;82;0;0;0.047;0.03;31.62;-0.028;0
1465400400;"08/06/2016 15:40:00";0;0;34;0;0;0.021;0.00999999;28.65;-0.03;0
1465401000;"08/06/2016 15:50:00";0;0;28;0;0;0.017;0.00999999;27.66;-0.033;0
1465401600;"08/06/2016 16:00:00";0;0;24;0;0;0.015;0.00999999;27.42;-0.036;0
1465402200;"08/06/2016 16:10:00";0;0;22;0;0;0.014;0.00999999;27.72;-0.0369999;0
1465402800;"08/06/2016 16:20:00";0;0;21;0;0;0.013;0.00999999;27.56;-0.0369999;0
1465403400;"08/06/2016 16:30:00";0;0;57;0;0;0.035;0.02;29.05;-0.04;0
1465404000;"08/06/2016 16:40:00";0;0;30;0;0;0.019;0.00999999;26.37;-0.0409999;0
1465404600;"08/06/2016 16:50:00";0;0;25;0;0;0.016;0.00999999;26.3;-0.0409999;0
1465405200;"08/06/2016 17:00:00";0;0;23;0;0;0.015;0.00999999;25.83;-0.0409999;0
1465405800;"08/06/2016 17:10:00";0;0;22;0;0;0.014;0.00999999;26.29;-0.042;0
1465406400;"08/06/2016 17:20:00";0;0;20;0;0;0.013;0.00999999;26.21;-0.042;0
1465407001;"08/06/2016 17:30:01";0;0;19;0;0;0.012;0.00999999;26;-0.042;0
1465407600;"08/06/2016 17:40:00";0;0;17;0;0;0.011;0.00999999;26.38;-0.042;0
1465408200;"08/06/2016 17:50:00";0;0;17;0;0;0.011;0.00999999;25.94;-0.0409999;0
1465408800;"08/06/2016 18:00:00";0;0;15;0;0;0.00999999;0.00999999;26.39;-0.04;0
1465409400;"08/06/2016 18:10:00";0;0;15;0;0;0.00899994;0;27.24;-0.039;0
1465410000;"08/06/2016 18:20:00";0;0;33;0;0;0.019;0.00999999;31.18;-0.035;0
1465410600;"08/06/2016 18:30:00";0;0;2911;0;0;1.68;1.32;31.62;-0.035;0
1465411200;"08/06/2016 18:40:00";0;0;2893;0;0;1.668;1.31;31.65;0.0779999;0
1465411800;"08/06/2016 18:50:00";0;0;2897;0;0;1.671;1.31;31.64;0.231;0
1465412400;"08/06/2016 19:00:00";0;0;2896;0;0;1.671;1.31;31.63;0.365;0
1465413000;"08/06/2016 19:10:00";0;0;2910;0;0;1.68;1.32;31.61;0.497;0
1465413600;"08/06/2016 19:20:00";0;0;2921;0;0;1.686;1.32;31.61;0.637;0
1465414200;"08/06/2016 19:30:00";0;0;2947;0;0;1.701;1.34;31.6;0.746;0
1465414800;"08/06/2016 19:40:00";0;0;2945;0;0;1.7;1.34;31.58;0.843;0
1465415400;"08/06/2016 19:50:00";0;0;2959;0;0;1.709;1.34;31.55;0.942;0
1465416000;"08/06/2016 20:00:00";0;0;2972;0;0;1.717;1.35;31.56;1.008;0
1465416601;"08/06/2016 20:10:01";0;0;2987;0;0;1.725;1.36;31.58;1.075;0
1465417200;"08/06/2016 20:20:00";0;0;3007;0;0;1.736;1.36;31.61;1.12;0
1465417801;"08/06/2016 20:30:01";0;0;3042;0;0;1.755;1.38;31.64;1.165;0
1465418400;"08/06/2016 20:40:00";0;0;3029;0;0;1.749;1.38;31.6;1.205;0
1465419000;"08/06/2016 20:50:00";0;0;3074;0;0;1.774;1.4;31.62;1.241;0
1465419600;"08/06/2016 21:00:00";0;0;3110;0;0;1.794;1.41;31.63;1.278;0
1465420200;"08/06/2016 21:10:00";0;0;3112;0;0;1.796;1.41;31.62;1.313;0
1465420800;"08/06/2016 21:20:00";0;0;3166;0;0;1.826;1.44;31.64;1.345;0
1465421400;"08/06/2016 21:30:00";0;0;3170;0;0;1.829;1.44;31.64;1.385;0
1465422000;"08/06/2016 21:40:00";0;0;3186;0;0;1.838;1.45;31.64;1.436;0
1465422600;"08/06/2016 21:50:00";0;0;3201;0;0;1.847;1.46;31.63;1.478;0
1465423200;"08/06/2016 22:00:00";0;0;3256;0;0;1.878;1.48;31.64;1.514;0
1465423800;"08/06/2016 22:10:00";0;0;3256;0;0;1.878;1.48;31.64;1.514;0
1465423801;"08/06/2016 22:10:01";0;0;3342;0;0;1.928;1.52;31.64;1.559;0
1465424401;"08/06/2016 22:20:01";0;0;3283;0;0;1.895;1.5;31.62;1.595;0
1465425000;"08/06/2016 22:30:00";0;0;3372;0;0;1.946;1.54;31.62;1.637;0
1465425600;"08/06/2016 22:40:00";0;0;3325;0;0;1.919;1.52;31.62;1.637;0
1465425601;"08/06/2016 22:40:01";0;0;3325;0;0;1.919;1.52;31.6;1.668;0
1465426201;"08/06/2016 22:50:01";0;0;3341;0;0;1.929;1.53;31.6;1.698;0
1465426800;"08/06/2016 23:00:00";0;0;3415;0;0;1.971;1.56;31.6;1.728;0
1465427400;"08/06/2016 23:10:00";0;0;3427;0;0;1.978;1.57;31.6;1.747;0
1465427401;"08/06/2016 23:10:01";0;0;3427;0;0;1.979;1.57;31.6;1.747;0
1465428000;"08/06/2016 23:20:00";0;0;3433;0;0;1.982;1.57;31.59;1.768;0
1465428001;"08/06/2016 23:20:01";0;0;3433;0;0;1.982;1.57;31.59;1.769;0
1465428600;"08/06/2016 23:30:00";0;0;3457;0;0;1.996;1.58;31.58;1.782;0
1465429201;"08/06/2016 23:40:01";0;0;3487;0;0;2.014;1.6;31.58;1.792;0
1465429800;"08/06/2016 23:50:00";0;0;3486;0;0;2.013;1.6;31.57;1.799;0
1465430400;"09/06/2016 00:00:00";0;0;3527;0;0;2.037;1.62;31.56;1.796;0
1465431001;"09/06/2016 00:10:01";0;0;3539;0;0;2.044;1.62;31.56;1.792;0
1465431600;"09/06/2016 00:20:00";0;0;3561;0;0;2.058;1.63;31.55;1.787;0
1465432200;"09/06/2016 00:30:00";0;0;3616;0;0;2.09;1.66;31.54;1.783;0
1465432800;"09/06/2016 00:40:00";0;0;3625;0;0;2.095;1.67;31.52;1.776;0
1465433400;"09/06/2016 00:50:00";0;0;3665;0;0;2.119;1.68;31.52;1.757;0
1465434001;"09/06/2016 01:00:01";0;0;3678;0;0;2.126;1.69;31.51;1.743;0
1465434600;"09/06/2016 01:10:00";0;0;3693;0;0;2.135;1.7;31.51;1.712;0
1465435200;"09/06/2016 01:20:00";0;0;3725;0;0;2.154;1.71;31.49;1.673;0
1465435800;"09/06/2016 01:30:00";0;0;3745;0;0;2.166;1.72;31.48;1.64;0
1465436400;"09/06/2016 01:40:00";0;0;3757;0;0;2.173;1.73;31.48;1.603;0
1465437001;"09/06/2016 01:50:01";0;0;3778;0;0;2.186;1.74;31.47;1.558;0
1465437601;"09/06/2016 02:00:01";0;0;3785;0;0;2.189;1.74;31.47;1.511;0
1465438200;"09/06/2016 02:10:00";0;0;3804;0;0;2.201;1.75;31.47;1.454;0
1465438800;"09/06/2016 02:20:00";0;0;3779;0;0;2.188;1.74;31.43;1.411;0
1465439400;"09/06/2016 02:30:00";0;0;3776;0;0;2.185;1.74;31.44;1.373;0
1465440000;"09/06/2016 02:40:00";0;0;3771;0;0;2.183;1.74;31.42;1.318;0
1465440600;"09/06/2016 02:50:00";0;0;3769;0;0;2.183;1.74;31.4;1.282;0
1465441200;"09/06/2016 03:00:00";0;0;3760;0;0;2.178;1.74;31.4;1.237;0
1465441800;"09/06/2016 03:10:00";0;0;3772;0;0;2.184;1.74;31.42;1.206;0
1465442400;"09/06/2016 03:20:00";0;0;3772;0;0;2.184;1.74;31.42;1.186;0
1465443000;"09/06/2016 03:30:00";0;0;3785;0;0;2.192;1.75;31.42;1.154;0
1465443600;"09/06/2016 03:40:00";0;0;3781;0;0;2.19;1.75;31.41;1.13;0
1465444200;"09/06/2016 03:50:00";0;0;3783;0;0;2.191;1.75;31.4;1.099;0
1465444800;"09/06/2016 04:00:00";0;0;3797;0;0;2.199;1.75;31.4;1.068;0
1465445400;"09/06/2016 04:10:00";0;0;3779;0;0;2.189;1.74;31.39;1.049;0
1465446000;"09/06/2016 04:20:00";0;0;3769;0;0;2.183;1.74;31.4;1.034;0
1465446600;"09/06/2016 04:30:00";0;0;3756;0;0;2.176;1.73;31.39;1.018;0
1465447200;"09/06/2016 04:40:00";0;0;3747;0;0;2.171;1.73;31.38;1.011;0
